distance: 40 m
obstacles: 0
samplerate: 96000
buffer/block size: 16

6.66666
6
27.3333
6
11.3333
16.6667
6
6
22
6
6
27.3333
6
32.6667
6
11.3333
16.6667
16.6667
27.3333
6
11.3333
22
11.3333
27.3333
6
11.3333
22
22
16.6667
6
11.3333
22
11.3333
27.3333
11.3333
38
6
32.6667
6
6
22
6
6
22
16.6667
27.3333
11.3333
32.6667
6
6
22
6
6
22
6
11.3333
16.6667
11.3333
32.6667
6
6
54
22
6
11.3333
16.6667
6
6
27.3333
16.6667
22
6
6
22
6
11.3333
27.3333
22
11.3333
6
6
75.3333
11.3333
118
38
6
6
32.6667
11.3333
27.3333
11.3333
32.6667
48.6667
22
27.3333
6
11.3333
16.6667
6
6
22
6
6
22
32.6667
54
16.6667
11.3333
38
6
27.3333
6
6
22
16.6667
27.3333
6
11.3333
16.6667
6
11.3333
22
32.6667
6
6
11.3333
16.6667
11.3333
32.6667
6
6
22
11.3333
43.3333
11.3333
22
16.6667
32.6667
11.3333
54
27.3333
6
11.3333
16.6667
11.3333
32.6667
22
27.3333
11.3333
27.3333
6
11.3333
16.6667
6
11.3333
22
11.3333
32.6667
6
43.3333
6
27.3333
11.3333
32.6667
6
6
22
6
6
27.3333
11.3333
27.3333
6
6
22
16.6667
32.6667
11.3333
27.3333
6
11.3333
16.6667
11.3333
32.6667
6
6
22
16.6667
27.3333
6
11.3333
16.6667
6
16.6667
22
6
32.6667
11.3333
27.3333
6
11.3333
27.3333
11.3333
32.6667
27.3333
16.6667
6
27.3333
6
22
70
11.3333
38
6
38
11.3333
27.3333
11.3333
6
22
6
11.3333
16.6667
11.3333
27.3333
6
11.3333
16.6667
6
6
22
6
6
27.3333
6
6
22
6
11.3333
16.6667
6
6
22
11.3333
32.6667
43.3333
6
54
16.6667
22
11.3333
32.6667
6
6
22
6
32.6667
11.3333
6
22
6
6
27.3333
6
27.3333
6
11.3333
16.6667
11.3333
6
22
11.3333
27.3333
6
6
22
11.3333
11.3333
16.6667
6
11.3333
16.6667
6
6
22
11.3333
27.3333
32.6667
32.6667
43.3333
22
27.3333
6
22
6
11.3333
22
6
11.3333
16.6667
11.3333
32.6667
11.3333
27.3333
6
11.3333
16.6667
16.6667
27.3333
6
11.3333
22
11.3333
27.3333
11.3333
11.3333
16.6667
6
11.3333
27.3333
6
27.3333
11.3333
32.6667
11.3333
27.3333
22
22
6
6
27.3333
6
11.3333
16.6667
11.3333
27.3333
11.3333
6
22
6
6
22
128.667
32.6667
11.3333
6
32.6667
6
27.3333
32.6667
22
11.3333
27.3333
11.3333
32.6667
11.3333
27.3333
6
11.3333
22
32.6667
11.3333
11.3333
32.6667
11.3333
38
22
16.6667
43.3333
11.3333
11.3333
22
22
16.6667
6
11.3333
16.6667
6
6
32.6667
6
32.6667
6
6
22
6
11.3333
16.6667
27.3333
27.3333
11.3333
22
11.3333
27.3333
27.3333
96.6667
11.3333
22
11.3333
27.3333
6
11.3333
22
6
6
22
6
6
22
11.3333
32.6667
11.3333
27.3333
6
6
22
11.3333
6
32.6667
11.3333
22
6
11.3333
16.6667
6
6
22
6
11.3333
16.6667
11.3333
27.3333
6
16.6667
22
6
32.6667
11.3333
32.6667
6
6
27.3333
6
32.6667
6
11.3333
16.6667
6
6
22
11.3333
75.3333
27.3333
16.6667
16.6667
6
43.3333
38
16.6667
32.6667
11.3333
38
6
43.3333
16.6667
16.6667
11.3333
32.6667
11.3333
32.6667
11.3333
32.6667
6
11.3333
16.6667
6
11.3333
16.6667
54
6
6
22
11.3333
32.6667
11.3333
32.6667
11.3333
43.3333
6
27.3333
6
6
32.6667
6
32.6667
6
32.6667
6
6
22
11.3333
32.6667
11.3333
38
11.3333
32.6667
6
32.6667
11.3333
32.6667
6
11.3333
16.6667
11.3333
32.6667
11.3333
59.3333
27.3333
11.3333
32.6667
11.3333
32.6667
11.3333
32.6667
6
11.3333
16.6667
6
11.3333
16.6667
11.3333
64.6667
32.6667
16.6667
16.6667
11.3333
38
11.3333
27.3333
11.3333
32.6667
11.3333
38
6
32.6667
6
6
22
6
6
27.3333
11.3333
27.3333
11.3333
32.6667
16.6667
27.3333
11.3333
32.6667
6
6
22
6
11.3333
38
38
11.3333
27.3333
11.3333
32.6667
11.3333
32.6667
22
22
11.3333
32.6667
11.3333
32.6667
6
11.3333
16.6667
6
6
27.3333
11.3333
27.3333
16.6667
27.3333
11.3333
32.6667
16.6667
32.6667
6
38
11.3333
27.3333
6
11.3333
38
75.3333
22
11.3333
22
11.3333
32.6667
16.6667
27.3333
11.3333
32.6667
6
6
22
6
16.6667
16.6667
16.6667
22
6
6
43.3333
32.6667
6
11.3333
16.6667
16.6667
32.6667
6
38
16.6667
22
6
16.6667
11.3333
27.3333
27.3333
22
16.6667
6
32.6667
11.3333
32.6667
16.6667
27.3333
11.3333
32.6667
11.3333
59.3333
38
11.3333
22
11.3333
32.6667
11.3333
32.6667
11.3333
32.6667
11.3333
32.6667
11.3333
32.6667
6
6
22
6
11.3333
16.6667
6
16.6667
11.3333
6
6
27.3333
11.3333
27.3333
11.3333
38
6
32.6667
11.3333
32.6667
16.6667
27.3333
11.3333
32.6667
6
11.3333
16.6667
6
11.3333
16.6667
11.3333
32.6667
11.3333
32.6667
27.3333
27.3333
6
27.3333
16.6667
27.3333
16.6667
27.3333 
6
6
22
6
11.3333
27.3333
11.3333
22
11.3333
32.6667
16.6667
27.3333
11.3333
32.6667
11.3333
32.6667
16.6667
32.6667
22
32.6667
6
22
16.6667
27.3333
11.3333
43.3333
6
27.3333
11.3333
32.6667
6
6
22
6
11.3333
16.6667
6
6
38
11.3333
22
6
32.6667
6
16.6667
11.3333
16.6667
32.6667
6
32.6667
27.3333
22
27.3333
11.3333
6
11.3333
16.6667
6
11.3333
22
11.3333
32.6667
6
32.6667
22
27.3333
6
32.6667
6
6
38
22
6
6
6
22
11.3333
32.6667
11.3333
32.6667
22
22
11.3333
38
11.3333
27.3333
6
6
22
11.3333
32.6667
11.3333
32.6667
11.3333
38
6
48.6667
6
22
16.6667
27.3333
11.3333
32.6667
6
32.6667
16.6667
32.6667
6
6
22
6
6
27.3333
6
32.6667
11.3333
32.6667
16.6667
38
6
27.3333
6
6
22
11.3333
32.6667
11.3333
54
38
6
32.6667
11.3333
32.6667
16.6667
27.3333
11.3333
32.6667
6
6
22
6
11.3333
16.6667
6
43.3333
6
32.6667
11.3333
32.6667
11.3333
32.6667
11.3333
38
6
32.6667
11.3333
32.6667
6
11.3333
16.6667
6
6
22
6
11.3333
22
6
32.6667
11.3333
32.6667
22
27.3333
6
64.6667
32.6667
6
27.3333
22
27.3333
6
32.6667
11.3333
48.6667
6
32.6667
11.3333
54
22
11.3333
32.6667
6
11.3333
16.6667
6
6
22
11.3333
38
6
32.6667
11.3333
32.6667
16.6667
32.6667
27.3333
11.3333
11.3333
32.6667
16.6667
32.6667
27.3333
16.6667
16.6667
27.3333
11.3333
27.3333
11.3333
70
22
6
70
27.3333
6
32.6667
54
27.3333
11.3333
11.3333
32.6667
54
11.3333
38
11.3333
27.3333
11.3333
48.6667
32.6667
16.6667
48.6667
22
6
11.3333
59.3333
32.6667
11.3333
38
16.6667
32.6667
11.3333
16.6667
11.3333
32.6667
11.3333
32.6667
11.3333
38
22
48.6667
22
11.3333
38
6
32.6667
6
6
22
11.3333
32.6667
6
6
22
6
22
16.6667
11.3333
22
11.3333
32.6667
11.3333
38
6
38
6
32.6667
6
11.3333
16.6667
6
6
27.3333
6
32.6667
11.3333
32.6667
11.3333
32.6667
11.3333
38
