distance: 50 m
obstacles: 0
samplerate: 96000
buffer/block size: 16

12
16.6667
11.3333
38
6
38
6
38
6
32.6667
6
6
22
6
11.3333
22
11.3333
27.3333
6
16.6667
11.3333
11.3333
32.6667
16.6667
32.6667
6
38
6
32.6667
6
6
22
11.3333
32.6667
6
6
22
6
6
27.3333
6
38
6
32.6667
48.6667
22
27.3333
6
6
27.3333
6
38
6
32.6667
6
6
27.3333
6
38
6
32.6667
11.3333
43.3333
11.3333
32.6667
6
38
6
70
16.6667
16.6667
32.6667
6
32.6667
6
32.6667
16.6667
32.6667
6
38
48.6667
11.3333
43.3333
27.3333
16.6667
22
16.6667
6
38
22
22
6
38
6
32.6667
6
6
27.3333
11.3333
27.3333
6
6
43.3333
43.3333
6
27.3333
11.3333
32.6667
11.3333
38
11.3333
27.3333
6
6
27.3333
6
187.333
27.3333
11.3333
54
54
32.6667
11.3333
38
6
32.6667
11.3333
32.6667
11.3333
59.3333
32.6667
6
32.6667
11.3333
43.3333
16.6667
16.6667
6
6
38
43.3333
11.3333
27.3333
6
6
27.3333
6
32.6667
11.3333
32.6667
11.3333
38
22
27.3333
16.6667
27.3333
11.3333
22
38
6
6
6
27.3333
11.3333
32.6667
6
32.6667
11.3333
43.3333
11.3333
22
6
6
22
6
11.3333
22
11.3333
27.3333
6
11.3333
22
6
38
6
32.6667
16.6667
32.6667
6
38
6
32.6667
6
6
32.6667
6
27.3333
6
16.6667
22
6
27.3333
11.3333
32.6667
11.3333
54
32.6667
6
16.6667
11.3333
6
11.3333
16.6667
16.6667
27.3333
6
6
27.3333
6
96.6667
27.3333
22
22
22
6
11.3333
16.6667
6
6
22
11.3333
38
6
32.6667
6
6
22
6
11.3333
16.6667
27.3333
32.6667
6
22
6
11.3333
16.6667
48.6667
11.3333
43.3333
6
32.6667
6
6
22
6
11.3333
16.6667
6
6
22
11.3333
27.3333
6
6
27.3333
16.6667
27.3333
6
11.3333
16.6667
6
6
27.3333
6
32.6667
6
11.3333
16.6667
22
27.3333
64.6667
54
11.3333
38
38
6
38
6
32.6667
6
11.3333
16.6667
6
11.3333
27.3333
6
43.3333
32.6667
6
11.3333
32.6667
70
38
11.3333
22
6
6
22
6
6
22
11.3333
32.6667
11.3333
32.6667
6
6
32.6667
11.3333
27.3333
6
38
6
32.6667
6
16.6667
11.3333
6
11.3333
32.6667
6
22
11.3333
32.6667
11.3333
32.6667
11.3333
32.6667
6
6
27.3333
6
32.6667
6
16.6667
27.3333
6
54
32.6667
6
38
27.3333
11.3333
11.3333
32.6667
11.3333
32.6667
6
28
10.6667
16.6667
11.3333
11.3333
32.6667
6
6
27.3333
6
32.6667
11.3333
43.3333
11.3333
27.3333
6
43.3333
27.3333
11.3333
27.3333
11.3333
6
107.333
16.6667
22
6
22
11.3333
11.3333
27.3333
22
27.3333
6
32.6667
6
22
6
11.3333
38
6
38
6
38
27.3333
11.3333
11.3333
32.6667
11.3333
38
6
43.3333
11.3333
22
16.6667
27.3333
11.3333
27.3333
6
16.6667
16.6667
22
22
11.3333
38
27.3333
22
11.3333
22
11.3333
32.6667
11.3333
38
11.3333
27.3333
11.3333
32.6667
6
6
22
6
11.3333
27.3333
6
32.6667
6
32.6667
6
27.3333
16.6667
16.6667
11.3333
6
11.3333
16.6667
6
11.3333
16.6667
6
6
27.3333
6
38
6
32.6667
6
6
22
16.6667
27.3333
11.3333
32.6667
6
6
22
6
11.3333
16.6667
6
6
32.6667
11.3333
27.3333
11.3333
43.3333
11.3333
27.3333
6
27.3333
6
22
16.6667
16.6667
16.6667
32.6667
16.6667
27.3333
32.6667
38
6
48.6667
32.6667
16.6667
32.6667
11.3333
38
11.3333
27.3333
11.3333
32.6667
11.3333
38
11.3333
27.3333
6
6
27.3333
6
54
43.3333
22
11.3333
6
11.3333
32.6667
11.3333
16.6667
32.6667
11.3333
6
11.3333
22
6
38
6
32.6667
6
16.6667
11.3333
22
38
11.3333
22
6
32.6667
11.3333
32.6667
11.3333
32.6667
32.6667
11.3333
11.3333
32.6667
16.6667
38
27.3333
11.3333
6
32.6667
32.6667
43.3333
22
11.3333
43.3333
6
27.3333
6
16.6667
11.3333
6
11.3333
16.6667
6
6
22
6
6
22
6
22
22
16.6667
27.3333
32.6667
16.6667
70
54
22
11.3333
27.3333
6
6
22
16.6667
27.3333
6
6
22
11.3333
32.6667
27.3333
27.3333
22
16.6667
22
16.6667
6
6
22
6
11.3333
16.6667
6
11.3333
22
6
32.6667
11.3333
43.3333
16.6667
16.6667
11.3333
38
11.3333
27.3333
6
6
22
6
6
22
6
38
11.3333
38
11.3333
32.6667
11.3333
32.6667
11.3333
27.3333
6
11.3333
16.6667
6
6
22
6
11.3333
16.6667
27.3333
16.6667
6
11.3333
22
11.3333
27.3333
6
6
27.3333
6
43.3333
16.6667
32.6667
6
22
6
6
22
6
16.6667
22
6
27.3333
16.6667
27.3333
6
6
22
6
6
22
6
16.6667
11.3333
11.3333
32.6667
6
6
22
6
11.3333
22
22
48.6667
22
6
6
27.3333
22
22
16.6667
22
6
11.3333
16.6667
6
6
27.3333
6
32.6667
6
6
27.3333
11.3333
32.6667
6
32.6667
6
6
22
16.6667
27.3333
6
11.3333
16.6667
6
6
22
6
11.3333
22
11.3333
27.3333
11.3333
32.6667
38
80.6667
22
16.6667
16.6667
27.3333
6
32.6667
6
11.3333
16.6667
11.3333
32.6667 
11.3333
32.6667
22
27.3333
11.3333
27.3333
6
11.3333
22
11.3333
27.3333
6
16.6667
16.6667
22
16.6667
6
11.3333
22
27.3333
11.3333
6
6
27.3333
6
32.6667
6
11.3333
16.6667
6
6
22
6
6
22
6
11.3333
27.3333
11.3333
48.6667
54
38
6
27.3333
16.6667
27.3333
6
11.3333
16.6667
6
22
11.3333
22
22
11.3333
59.3333
22
16.6667
27.3333
27.3333
16.6667
6
16.6667
11.3333
6
38
6
6
27.3333
16.6667
48.6667
38
11.3333
27.3333
6
38
6
32.6667
11.3333
32.6667
11.3333
43.3333
11.3333
22
32.6667
22
11.3333
22
6
6
22
11.3333
38
6
32.6667
6
11.3333
16.6667
11.3333
32.6667
6
6
22
16.6667
27.3333
6
6
32.6667
11.3333
22
6
6
27.3333
6
11.3333
16.6667
6
11.3333
16.6667
6
11.3333
16.6667
6
22
6
6
11.3333
27.3333
11.3333
32.6667
11.3333
22
11.3333
27.3333
11.3333
11.3333
22
6
27.3333
6
6
22
6
6
38
11.3333
22
27.3333
16.6667
11.3333
27.3333
6
6
27.3333
59.3333
59.3333
22
22
11.3333
27.3333
11.3333
27.3333
11.3333
43.3333
16.6667
16.6667
16.6667
38
6
43.3333
11.3333
16.6667
16.6667
59.3333
32.6667
11.3333
43.3333
32.6667
11.3333
27.3333
6
6
27.3333
6
6
22
11.3333
27.3333
11.3333
11.3333
16.6667
11.3333
27.3333
6
6
27.3333
6
38
11.3333
32.6667
6
11.3333
38
32.6667
6
11.3333
16.6667
6
11.3333
16.6667
6
6
22
6
6
22
6
6
22
11.3333
27.3333
6
11.3333
16.6667
6
38
6
6
22
6
6
22
6
6
22
16.6667
27.3333
6
6
27.3333
11.3333
32.6667
6
11.3333
22
6
27.3333
6
6
27.3333
16.6667
48.6667
27.3333
