blemidi distance 1m
iterations: 1000
frequency: 50
TODO: lscpu
27.7097
27.7097
0.929702
24.1497
20.5896
28.6395
25.0794
33.1292
29.5692
26.0091
22.449
18.8889
38.5487
23.3787
19.8186
1.08842
24.3084
32.3583
17.1882
25.2381
21.678
10.9977
10.9977
22.6077
19.0476
0.317429
23.5374
19.9773
39.6372
36.0771
32.517
28.9569
25.3968
6.66663
29.8866
37.9365
34.3764
19.2063
38.8662
23.6961
20.136
44.2857
5.89564
5.89564
17.5056
48.7755
21.9954
14.8752
46.1451
46.1451
30.975
27.4149
47.0748
20.2947
28.3446
24.7845
32.8344
14.1042
25.7142
22.1541
41.814
26.6439
34.6938
47.2335
47.2335
8.84346
20.4534
28.5033
24.9432
21.3831
41.043
25.8729
22.3128
30.3627
26.8026
8.07247
19.6824
16.1224
47.3922
20.6122
1.88199
48.3219
21.5419
7.30148
18.9115
18.9115
18.9115
26.9613
23.4013
19.8412
27.891
24.331
20.7709
13.6507
36.8706
21.7006
18.1405
49.4103
22.6303
38.73
23.56
35.1699
19.9999
39.6597
24.4897
2.19942
2.19942
25.4194
21.8593
18.2992
26.3491
19.2289
30.8389
27.2788
35.3287
43.3785
28.2085
9.47832
21.0883
25.5781
37.1881
22.018
30.0679
49.7277
34.5577
19.3876
31.9273
31.9273
5.14724
28.3672
24.8071
21.247
17.6869
25.7368
22.1767
18.6166
26.6665
23.1064
31.1563
27.5962
35.6461
20.476
1.74586
24.9658
21.4057
17.8456
37.5055
15.2152
15.2152
26.8252
23.2651
19.705
39.3649
47.4148
20.6347
28.6846
48.3445
33.1744
18.0043
26.0542
45.7141
18.934
26.9839
23.4238
19.8638
27.9136
35.9635
20.7935
10.1132
10.1132
21.7232
18.1631
26.2129
22.6529
19.0928
27.1426
23.5826
31.6324
1.2923
24.5123
20.9522
29.0021
25.442
33.4918
18.3218
26.3717
22.8116
15.6914
27.3014
16.6211
16.6211
39.841
24.671
40.7707
40.7707
37.2107
45.2605
26.5304
26.5304
22.9703
27.4601
28.9113
35.51
20.3399
28.3898
48.0496
32.8796
17.7095
25.7594
22.1993
49.909
49.909
23.129
19.5689
27.6188
24.0587
20.4986
28.5485
24.9884
21.4283
29.4782
25.9181
33.968
30.4079
26.8478
23.2877
31.3376
27.7775
35.8274
20.6573
28.7072
44.807
44.807
29.6369
49.2968
18.9566
30.5666
27.0065
46.6664
43.1063
27.9362
47.5961
20.816
28.8659
25.3058
21.7457
41.4056
26.2355
22.6754
30.7253
0.385188
35.2151
12.9249
12.9249
24.5348
44.1947
40.6346
25.4645
33.5144
26.3942
11.2242
34.4441
19.2741
12.1539
23.7639
16.6437
28.2537
24.6936
21.1335
29.1834
25.6233
33.6731
18.5031
46.2128
46.2128
19.4328
27.4827
20.3625
31.9725
28.4124
24.8523
21.2922
29.3421
25.782
18.6618
41.8817
38.3217
46.3715
31.2015
0.861332
24.0813
43.7411
28.5711
25.011
14.3307
14.3307
37.5507
22.3806
18.8205
26.8704
8.14023
19.7502
16.1901
20.6799
32.2899
36.7797
36.7797
21.6096
2.87945
26.0994
45.7593
18.9792
38.6391
23.469
19.9089
9.22865
9.22865
5.66855
28.8885
25.3284
44.9883
3.03816
11.088
22.698
19.1379
12.0178
35.2377
31.6776
28.1175
36.1674
20.9973
2.26718
25.4871
21.927
29.9769
49.6368
27.3465
27.3465
27.3465
8.61637
5.05628
28.2762
24.7161
21.1561
17.596
25.6458
22.0858
41.7456
26.5755
7.84539
19.4554
0.725204
23.9452
43.605
28.435
24.8749
21.3148
37.4145
37.4145
22.2445
18.6844
23.1742
23.1742
42.834
0.883919
24.1039
32.1538
13.4236
25.0336
49.1832
49.1832
49.1832
22.4032
15.283
26.893
23.3329
31.3828
27.8227
5.53243
5.53243
28.7524
25.1923
33.2422
18.0721
26.122
22.5619
42.2218
27.0517
46.7116
19.9315
39.5914
24.4213
32.4712
28.9111
25.351
21.7909
29.8408
26.2807
22.7206
12.0403
12.0403
23.6503
20.0902
28.1401
36.19
32.6299
25.5097
25.5097
21.9496
3.21947
26.4394
22.8793
42.5392
27.3691
47.029
43.4689
39.9088
24.7387
44.3986
29.2285
6.93827
6.93827
30.1582
38.2081
23.038
19.478
27.5278
47.1877
20.4077
28.4575
36.5074
21.3374
37.4371
37.4371
33.877
30.3169
26.7568
34.8067
31.2466
27.6866
24.1265
28.6163
28.6163
48.2761
21.4961
41.1559
25.9859
18.8657
30.4757
38.5255
23.3555
19.7954
1.06522
24.2852
32.3351
40.3849
25.2149
6.48471
18.0947
49.3645
22.5845
19.0244
35.1242
35.1242
31.5641
12.8339
36.0539
20.8838
28.9337
25.3736
21.8135
26.3033
37.9133
7.57313
19.1831
23.6729
23.6729
16.5527
28.1627
24.6026
5.87244
17.4824
18.4121
41.6321
41.6321
26.462
22.9019
19.3418
39.0017
8.66155
43.4915
28.3214
47.9813
32.8112
17.6411
37.301
33.7409
3.40077
26.6207
34.6706
42.7205
27.5504
23.9903
13.3101
36.53
36.53 
32.9699
17.7998
49.0697
33.8996
3.55948
26.7794
23.2193
19.6593
27.7091
47.369
20.589
1.85879
25.0787
21.5187
29.5685
26.0084
22.4484
30.4982
19.818
27.8679
27.8679
39.4778
24.3078
20.7477
28.7976
21.6774
21.6774
14.5572
26.1672
22.6071
42.2669
27.0969
35.1468
19.9767
1.24652
36.0765
32.5164
13.7862
25.3962
14.7159
26.3259
26.3259
34.3758
19.2057
38.8656
23.6955
43.3554
1.40524
24.6252
21.0651
29.115
25.5549
21.9948
18.4347
26.4846
22.9245
42.5844
27.4143
35.4642
20.2941
21.2238
32.8338
32.8338
17.6637
37.3236
22.1535
41.8134
26.6433
34.6932
31.1331
12.4029
24.0129
43.6728
28.5027
48.1626
21.3825
2.65237
33.9222
45.5322
15.192
38.412
4.51177
39.3417
12.5617
47.3916
43.8315
40.2714
48.3213
41.2011
2.81108
37.641
7.30087
0.180691
0.180691
23.4006
19.8406
39.5004
24.3303
32.3802
28.8201
25.26
21.7
22.6297
34.2396
34.2396
19.0696
38.7294
35.1693
19.9993
28.0492
24.4891
44.1489
40.5888
25.4188
21.8587
14.7385
26.3485
42.4482
42.4482
38.8881
35.3281
43.3779
39.8178
17.5276
17.5276
17.5276
25.5775
22.0174
18.4573
11.3371
34.5571
19.387
27.4369
23.8768
20.3167
1.58654
24.8065
21.2464
17.6863
37.3462
22.1761
18.616
26.6659
23.1058
35.6455
35.6455
35.6455
20.4754
28.5253
36.5752
33.0151
17.845
49.1149
22.3348
30.3847
26.8246
23.2645
19.7044
0.974264
5.46406
5.46406
28.684
48.3439
44.7838
18.0037
7.32346
18.9334
18.9334
26.9833
23.4232
4.69307
39.523
47.5729
20.7928
36.8926
48.5026
21.7225
2.99238
26.2123
7.48218
15.5321
11.972
35.1919
31.6318
16.4618
24.5116
18.3212
41.5411
41.5411
41.5411
41.5411
37.981
42.4708
27.3008
27.3008
23.7407
31.7905
28.2305
47.8903
21.1103
17.5502
22.04
33.6499
3.30981
26.5298
34.5797
19.4096
43.5592
43.5592
43.5592
28.3892
48.049
21.269
17.7089
25.7588
22.1987
18.6386
26.6885
23.1284
42.7882
39.2282
24.0581
20.498
28.5479
24.9878
21.4277
29.4776
15.2372
26.8472
26.8472
26.8472
23.2871
31.337
27.7769
35.8268
20.6567
13.5365
25.1465
44.8064
29.6363
26.0762
22.5161
27.0059
27.0059
46.6658
19.8857
39.5456
24.3755
44.0354
10.1352
10.1352
21.7451
29.795
37.8449
7.50476
19.1147
0.384578
35.2145
20.0444
39.7043
24.5342
29.024
2.24398
25.4639
21.9038
18.3438
26.3936
22.8335
19.2735
27.3233
16.6431
16.6431
13.083
24.6929
21.1329
29.1827
25.6227
33.6725
18.5025
22.9923
22.9923
31.0421
39.092
23.922
20.3619
28.4118
24.8517
44.5115
17.7315
49.0013
49.931
11.541
11.541
23.151
31.2009
39.2507
24.0807
5.35052
28.5705
48.2303
21.4503
17.8902
45.5999
18.8199
3.64983
38.4798
34.9197
19.7496
27.7995
24.2394
20.6793
40.3392
6.43893
6.43893
18.0489
26.0988
34.1487
30.5886
27.0285
23.4684
4.73824
27.9582
36.0081
20.838
40.4979
25.3278
44.9877
29.8176
49.4775
34.3074
30.7473
27.1872
35.2371
1.33687
1.33687
9.38675
20.9967
29.0466
21.9264
33.5364
41.5863
11.2462
22.8561
19.296
27.3459
35.3958
20.2257
28.2756
24.7155
32.7654
29.2053
10.4752
22.0851
46.2348
19.4548
19.4548
19.4548
27.5046
23.9445
16.8244
28.4343
36.4842
21.3142
29.364
25.804
22.2439
30.2937
38.3436
23.1736
27.6634
27.6634
20.5432
32.1531
28.5931
25.033
37.5726
37.5726
10.7926
45.6225
30.4525
26.8924
46.5522
31.3822
1.04202
35.872
5.53182
28.7518
10.0216
33.2416
18.0715
49.3413
22.5613
42.2211
27.0511
23.491
19.9309
47.6406
47.6406
32.4706
17.3005
25.3504
21.7903
29.8402
26.2801
7.54993
19.1599
23.6497
20.0896
31.6996
28.1395
47.7994
21.0193
40.6792
37.1191
45.169
18.3889
42.5386
27.3685
27.3685
38.9785
23.8084
20.2483
39.9082
36.3481
44.398
17.6179
48.8878
33.7177
18.5476
38.2075
46.2574
19.4773
27.5272
23.9671
20.407
40.0669
24.8968
44.5567
10.6565
10.6565
22.2664
18.7064
26.7562
46.4161
31.246
27.6859
24.1258
32.1757
1.8356
25.0555
21.4955
41.1553
25.9853
0.134908
0.134908
0.134908
23.3549
31.4047
27.8447
43.9444
43.9444
13.6043
36.8242
6.4841
29.7041
49.3639
34.1939
30.6338
27.0737
23.5136
31.5635
28.0034
36.0533
28.9331
40.543
36.983
21.8129
18.2528
49.5226
22.7426
12.0623
12.0623
23.6723
20.1122
1.38204
24.602
21.0419
17.4818
37.1417
33.5816
14.8514
26.4614
34.5113

avg: 26.4609
