distance: 1 m
obstacles: 0
samplerate: 96000
buffer/block size: 16

70.6667
70.6667
27.3333
22
32.6667
43.3333
22
43.3333
112.667
27.3333
22
22
32.6667
22
43.3333
22
22
22
22
43.3333
43.3333
32.6667
22
22
38
48.6667
22
32.6667
22
22
22
38
27.3333
107.333
22
54
22
22
32.6667
22
22
43.3333
22
22
22
22
22
43.3333
22
22
22
48.6667
27.3333
32.6667
22
22
22
22
22
107.333
22
22
22
32.6667
54
27.3333
27.3333
22
22
43.3333
22
22
22
27.3333
27.3333
22
32.6667
32.6667
22
22
22
22
32.6667
32.6667
22
22
96.6667
22
22
22
32.6667
22
43.3333
22
22
22
22
22
22
22
22
54
22
22
22
43.3333
22
22
22
22
22
38
118
27.3333
22
32.6667
22
22
27.3333
27.3333
22
43.3333
32.6667
22
32.6667
43.3333
48.6667
27.3333
27.3333
27.3333
22
22
43.3333
27.3333
27.3333
22
27.3333
102
22
27.3333
27.3333
22
43.3333
22
22
27.3333
27.3333
32.6667
43.3333
22
22
22
22
22
43.3333
22
32.6667
22
22
22
43.3333
22
22
22
96.6667
22
48.6667
27.3333
22
22
38
27.3333
22
22
22
22
22
22
64.6667
22
22
22
48.6667
27.3333
22
22
27.3333
27.3333
43.3333
107.333
32.6667
48.6667
27.3333
22
22
22
22
22
70
27.3333
32.6667
22
22
64.6667
22
22
22
22
43.3333
22
22
22
22
22
96.6667
32.6667
22
22
22
43.3333
22
22
22
22
22
22
43.3333
22
22
22
22
22
48.6667
27.3333
22
22
22
32.6667
43.3333
22
107.333
22
43.3333
32.6667
22
32.6667
22
54
22
22
22
32.6667
32.6667
43.3333
22
22
22
22
22
43.3333
22
22
22
22
22
134
27.3333
22
22
43.3333
43.3333
22
22
22
22
32.6667
32.6667
22
22
22
22
38
27.3333
22
22
22
22
43.3333
22
22
22
22
118
22
27.3333
27.3333
22
22
32.6667
22
22
22
22
22
48.6667
27.3333
22
22
22
22
38
27.3333
22
32.6667
22
22
43.3333
22
107.333
22
43.3333
22
22
22
22
22
22
32.6667
22
22
22
22
22
43.3333
22
32.6667
22
22
22
22
22
22
22
22
22
22
112.667
27.3333
22
22
48.6667
27.3333
22
22
22
43.3333
43.3333
22
22
22
32.6667
22
43.3333
22
22
22
22
27.3333
48.6667
32.6667
32.6667
107.333
22
22
22
22
22
22
43.3333
22
22
22
22
22
22
22
22
32.6667
22
22
22
54
22
32.6667
54
22
54
128.667
54
22
22
22
22
22
22
43.3333
22
32.6667
32.6667
43.3333
54
32.6667
22
22
22
43.3333
22
22
22
22
22
22
96.6667
22
22
32.6667
38
27.3333
32.6667
22
22
22
43.3333
22
22
22
22
22
22
43.3333
22
38
27.3333
22
22
32.6667
22
22
107.333
43.3333
32.6667
22
22
22
22
43.3333
22
22
32.6667
22
22
22
43.3333
22
22
22
22
38
27.3333
22
22
32.6667
22
43.3333
107.333
22
22
22
22
48.6667
32.6667
27.3333
22
54
22
22
22
22
27.3333
48.6667
22
22
22
22
32.6667
32.6667
22
32.6667
22
22
107.333
22
22
22
22
48.6667
27.3333
32.6667
22
32.6667
54
22
22
22
22
22
22
43.3333
22
22
22
22
22
54
22
22
96.6667
43.3333
22
22
22
22
27.3333
32.6667
27.3333
43.3333
22
22
22
22
54
32.6667
22
22
22
43.3333
32.6667
22
22
22
22
139.333
32.6667
22
54
22
22
22
32.6667
22
32.6667
22
22
22
22
22
54
22
22
22
32.6667
22
43.3333
22
22
22
22
107.333
22
22
32.6667
22
48.6667
32.6667
27.3333
38
27.3333
59.3333
27.3333
22
27.3333
27.3333
22
43.3333
22
22
22
22
22
43.3333
22
22
107.333
54
22
22
22
22
22
54
22
22
22
22
32.6667
43.3333
22
22
32.6667
32.6667
22
43.3333
22
22
22
22
22
118
22
22
22
54
22
22
22
22
22
43.3333
22
32.6667
22
22
22
22
22
54
22
22
22
38
64.6667
27.3333
128.667
22
22
22
22
22
43.3333
22
22
22
27.3333
32.6667
27.3333
22
43.3333
22
22
32.6667
64.6667
16.6667
27.3333
22
22
22
43.3333
102
38
43.3333
22
22
22
59.3333
38
22
22
22
22
22
22
38
48.6667
22
22
22
22
32.6667
38
27.3333
22
22
107.333
32.6667
22
22
22
54
32.6667
32.6667
32.6667
22
43.3333
22
22
22
22
32.6667
43.3333
32.6667
22
16.6667
27.3333
22
43.3333
16.6667
27.3333
107.333
43.3333
22
22
22
22
22
43.3333
22
22
22
22
22
43.3333
48.6667
38
22
16.6667
27.3333
32.6667
22
22
16.6667
27.3333
16.6667
48.6667
118
22
22
38
27.3333
22
22
16.6667
27.3333
43.3333
22
27.3333
27.3333
22
22
48.6667
27.3333
22
43.3333
27.3333
48.6667
22
22
22
22
22
96.6667
16.6667
27.3333
22
22
43.3333
22
22
22
22
22
22
43.3333
22
32.6667
22
22
22
43.3333
22
22
22
22
22
43.3333
22
22
118
22
32.6667
22
22
22
16.6667
27.3333
43.3333
22
16.6667
27.3333
32.6667
43.3333
43.3333
22
22
22
38
48.6667
22
22
22
22
22
123.333
32.6667
27.3333
43.3333
32.6667
22
32.6667
16.6667
27.3333
43.3333
22
22
22 
22
22
43.3333
22
22
22
22
16.6667
27.3333
59.3333
27.3333
22
22
107.333
22
22
27.3333
27.3333
22
43.3333
22
22
32.6667
22
22
54
22
22
22
22
22
54
22
22
22
16.6667
64.6667
22
112.667
16.6667
43.3333
22
27.3333
16.6667
22
22
43.3333
22
27.3333
22
16.6667
22
22
59.3333
16.6667
32.6667
22
22
43.3333
22
27.3333
32.6667
16.6667
22
128.667
22
22
27.3333
16.6667
48.6667
22
16.6667
27.3333
16.6667
22
38
32.6667
22
22
22
22
43.3333
16.6667
38
27.3333
22
59.3333
32.6667
22
16.6667
112.667
16.6667
22
22
22
22
27.3333
43.3333
38
22
27.3333
16.6667
27.3333
16.6667
22
59.3333
32.6667
16.6667
43.3333
27.3333
17.3333
21.3333
22
27.3333
22
32.6667
16.6667
107.333
22
38
27.3333
22
22
22
22
48.6667
22
16.6667
27.3333
16.6667
22
27.3333
38
22
27.3333
16.6667
38
22
38
27.3333
16.6667
22
22
128.667
22
22
27.3333
22
59.3333
27.3333
27.3333
22
27.3333
54
16.6667
27.3333
