rtpMidi distance 3m
iterations: 100
frequency: 50
TODO: lscpu
31.2698
4.48979
27.7097
35.7596
32.1995
40.2494
36.6893
33.1292
29.5692
37.619
26.9388
26.9388
38.5487
34.9886
31.4286
12.6984
35.9183
32.3583
28.7982
36.848
33.288
29.7279
26.1678
45.8276
30.6576
38.7075
35.1474
31.5873
39.6372
36.0771
32.517
48.6167
21.8367
45.0566
29.8866
26.3265
34.3764
30.8163
38.8662
35.3061
31.746
28.1859
36.2358
5.89564
29.1156
37.1655
6.82534
30.0453
26.4852
34.5351
30.975
39.0249
16.7346
16.7346
39.9546
36.3945
6.05435
40.8843
48.9342
33.7641
41.814
38.2539
34.6938
31.1337
0.793573
47.2335
32.0634
28.5033
36.5532
32.9931
29.433
37.4829
33.9228
23.2425
23.2425
34.8525
31.2924
27.7323
35.7822
32.2221
28.662
36.7119
33.1518
41.2017
37.6416
34.0815
30.5214
0.181301
35.0112
31.4511
27.891
47.5509
32.3808
28.8207
18.1405
18.1405
41.3604
49.4103
34.2402

avg: 31.5158
