blemidi distance 1m
iterations: 1000
frequency: 50
TODO: lscpu
8.04988
27.7097
0.929702
8.97959
5.4195
40.2494
48.2993
17.9592
2.7891
49.229
45.6689
3.71881
46.5986
43.0385
4.64851
1.08842
47.5283
5.57821
2.01812
33.288
6.50791
2.94782
10.9977
30.6576
42.2675
35.1474
8.36731
43.1972
1.24713
47.687
2.17683
25.3968
48.6167
45.0566
3.10653
49.5464
45.9864
27.2562
0.476144
8.52603
4.96594
39.7959
9.45573
40.7256
13.9455
48.7755
45.2154
3.26525
49.7052
19.365
42.585
0.634859
47.0748
5.12465
48.0045
32.8344
6.05435
25.7142
48.9342
6.98406
3.42396
11.4738
7.91376
27.5736
0.793573
20.4534
5.28337
1.72327
21.3831
17.823
2.65298
49.0929
45.5328
3.58268
0.0225863
19.6824
4.51238
0.952288
9.00217
5.44208
40.272
21.5419
44.7618
14.4217
34.0815
45.6915
15.3514
23.4013
46.6212
4.67109
1.111
47.5509
5.6008
25.2607
10.0906
6.5305
14.5804
34.2402
7.4602
15.5101
0.340016
46.7799
43.2198
1.26972
47.7096
17.3695
2.19942
21.8593
6.68921
3.12912
49.569
19.2289
4.05882
0.49873
8.54862
4.98852
39.8185
21.0883
5.91823
37.1881
10.408
45.2379
41.6779
22.9477
46.1677
4.21754
23.8774
47.0974
16.7572
24.8071
48.0271
6.07694
2.51685
48.9568
7.00664
15.0565
11.4964
46.3264
15.9862
35.6461
8.86604
16.9159
1.74586
48.1858
44.6257
2.67556
49.1155
18.7753
3.60526
11.6551
46.4851
4.53497
0.974874
20.6347
5.46467
13.5146
48.3445
44.7844
41.2243
22.4941
45.7141
42.154
0.203887
46.6438
43.0837
24.3535
47.5735
5.62338
13.6733
48.5032
6.55308
14.603
11.0429
7.48279
3.92269
11.9726
8.41249
16.4624
1.2923
20.9522
5.7821
25.442
48.6619
18.3218
3.15171
49.5916
46.0315
4.08141
0.521317
20.1812
5.01111
1.45102
9.5009
5.94081
40.7707
22.0406
18.4805
41.7004
49.7503
46.1902
15.8501
23.9
47.1199
43.5598
1.60973
48.0496
6.09953
14.1494
48.9793
7.02923
15.0791
11.519
7.95893
39.2288
12.4487
47.2787
43.7186
1.76845
48.2084
17.8682
2.69815
22.358
7.18794
26.8478
0.067759
19.7276
4.55755
0.997461
9.04735
5.48725
40.3172
21.587
6.41696
14.4668
10.9067
45.7367
42.1766
23.4464
46.6664
4.71627
1.15618
47.5961
5.64597
25.3058
21.7457
6.57567
3.01558
11.0655
7.50537
15.5553
11.9952
8.43507
16.485
36.1448
47.7548
40.6346
13.8546
21.9045
45.1244
3.17429
49.6142
46.0541
4.10399
8.59379
8.59379
16.6437
39.8636
9.52349
5.9634
14.0133
48.8432
6.8931
14.943
11.3829
46.2128
15.8727
0.702618
47.1425
43.5824
1.63232
48.0722
17.7321
2.56202
49.0019
7.05181
3.49172
11.5416
19.5915
42.8114
12.4713
8.91122
43.7411
1.79103
21.4509
44.6708
25.9407
49.1606
18.8205
3.65044
46.5303
8.14023
4.58014
1.02005
9.06993
5.50984
13.5597
9.99963
18.0495
41.2695
49.3194
45.7593
15.4191
0.24906
46.689
4.73885
1.17876
47.6187
28.8885
2.10846
48.5484
6.59826
3.03816
11.088
19.1379
3.96787
12.0178
8.45766
43.2876
12.9475
20.9973
44.2173
2.26718
48.7071
45.147
3.19688
11.2468
7.68667
27.3465
0.566489
20.2264
5.05628
13.1062
9.54608
5.98598
40.8159
48.8658
45.3057
14.9656
34.6254
19.4554
42.6753
0.725204
47.1651
16.825
1.65491
48.0948
6.1447
2.58461
10.6345
30.2944
3.51431
11.5642
8.0041
4.44401
12.4939
20.5438
43.7637
25.0336
9.86351
17.9134
2.74332
22.4032
45.6231
3.67302
0.112932
46.5528
4.60273
12.6526
9.09252
17.1424
40.3624
10.0222
6.46213
14.512
49.3419
45.7819
42.2218
0.271646
46.7116
16.3714
24.4213
9.25123
44.0812
2.13105
10.1809
18.2308
3.06075
49.5007
7.55054
3.99045
12.0403
43.3102
16.5301
1.36006
47.8
44.2399
2.28976
21.9496
45.1696
3.21947
49.6594
19.3192
4.14917
12.1991
47.029
5.07887
1.51878
9.56866
29.2285
2.44848
10.4984
18.5483
41.7682
11.4281
42.6979
42.6979
0.74779
8.79768
43.6276
1.67749
44.5573
44.5573
25.8271
10.6571
7.09699
3.5369
34.8067
8.02669
42.8566
12.5165
47.3464
43.7863
36.6661
48.2761
6.326
2.76591
49.2058
45.6457
26.9156
0.135518
46.5754
27.8453
35.8951
9.1151
28.775
40.3849
48.4348
18.0947
41.3146
49.3645
45.8044
42.2443
0.294233
19.9541
43.174
1.22393
47.6638
44.1038
2.15364
21.8135
6.64343
3.08334
22.7432
7.57313
4.01304
23.6729
8.50283
43.3328
12.9926
47.8226
44.2625
25.5323
48.7523
45.1922
3.24205
49.682
46.1219
27.3917
0.611662
47.0516
5.10146
1.54136
9.59125
17.6411
40.8611
10.521
6.96086
41.7908
49.8407
19.5005
42.7205
0.770377
47.2103 
43.6502
24.92
21.3599
44.5799
2.62978
49.0697
7.11957
3.55948
23.2193
46.4393
4.48918
12.5391
47.369
17.0289
25.0787
9.90868
17.9586
2.78849
49.2284
45.6683
26.9382
0.158104
8.20799
4.6479
1.08781
9.13769
28.7976
2.01751
10.0674
6.5073
41.3372
49.3871
19.047
42.2669
11.9268
19.9767
43.1966
1.24652
20.9064
44.1263
2.17622
48.6161
6.66602
26.3259
22.7658
19.2057
4.03563
12.0855
46.9154
43.3554
24.6252
9.45512
17.505
40.725
48.7748
6.82473
49.7045
49.7045
46.1445
4.19434
0.634248
47.0742
28.344
1.56395
9.61384
6.05374
2.49365
10.5435
18.5934
41.8134
49.8633
46.3032
42.7431
0.792963
20.4528
43.6728
1.72266
21.3825
44.6025
2.65237
22.3122
7.14216
3.58207
0.021976
8.07186
16.1217
24.1716
9.00156
43.8315
1.88138
48.3213
44.7612
26.031
49.251
45.6909
15.3508
0.180691
46.6206
12.7204
12.7204
47.5503
5.60019
2.04009
33.3099
29.7498
41.3598
11.0197
45.8496
42.2895
0.339405
19.9993
43.2192
1.26911
47.709
44.1489
2.19881
21.8587
6.6886
3.12851
11.1784
7.6183
4.05821
23.7181
46.938
4.98791
13.0378
47.8677
44.3076
22.0174
45.2373
45.2373
3.28722
49.7271
46.167
27.4369
0.656835
8.70672
5.14663
13.1965
9.63642
40.9063
40.9063
10.5661
7.00603
41.836
49.8858
19.5457
42.7657
0.815549
47.2555
5.30534
1.74525
21.4051
44.6251
37.5049
10.7248
7.16475
3.60465
11.6545
31.3144
39.3643
12.5842
47.4142
43.8541
1.90397
48.3439
18.0037
2.83367
49.2736
18.9334
3.76337
11.8133
19.8631
4.69307
1.13298
9.18286
5.62277
2.06268
21.7225
6.55247
14.6024
49.4323
19.0922
42.3121
23.5819
46.8019
43.2418
1.29169
47.7316
44.1715
25.4413
21.8813
6.71119
3.1511
49.591
7.64089
15.6908
12.1307
46.9606
43.4005
13.0604
21.1103
40.7701
13.9901
48.82
18.4799
3.30981
49.7497
19.4096
4.23951
0.679421
47.1193
28.3892
13.2191
21.269
6.09892
40.9288
10.5887
7.02862
41.8585
23.1284
46.3483
42.7882
0.838136
20.498
43.718
24.9878
48.2077
44.6477
2.69754
49.1374
7.18733
15.2372
11.6771
8.11703
4.55694
39.3869
47.4368
17.0966
1.92655
48.3665
44.8064
41.2463
49.2962
42.176
15.3959
0.225863
46.6658
4.71566
1.15556
20.8154
5.64536
2.08527
10.1352
6.57506
14.6249
45.8948
19.1147
42.3347
0.384578
46.8245
43.2644
24.5342
47.7542
44.1941
2.24398
48.6839
6.73377
26.3936
38.0036
7.66348
15.7134
12.1533
48.4344
16.6431
13.083
47.9129
44.3528
2.4027
48.8426
18.5025
3.3324
11.3823
46.2122
4.2621
0.702007
31.9718
5.1918
1.63171
9.68159
6.1215
2.56141
22.2213
45.4412
41.8811
11.541
46.3709
4.42081
24.0807
47.3006
43.7405
1.79042
48.2303
44.6702
14.3301
22.38
7.20992
3.64983
11.6997
8.13962
16.1895
39.4095
47.4593
43.8993
1.94914
21.609
41.2689
14.4888
49.3187
45.7587
3.80854
0.24845
19.9083
4.73824
1.17815
47.6181
5.66794
13.7178
33.3777
6.59765
14.6475
11.0874
45.9174
15.5772
46.8471
20.067
43.287
1.33687
20.9967
5.82666
2.26657
21.9264
45.1464
3.19627
49.6362
7.68606
4.12597
35.3958
8.61576
5.05567
13.1056
9.54547
44.3754
22.0851
22.0851
45.3051
3.35498
23.0148
46.2348
12.3346
23.9445
47.1645
5.21439
1.6543
9.70418
6.14409
14.194
10.6339
45.4638
15.1237
23.1736
46.3935
16.0534
0.883308
47.3232
43.7631
1.81301
48.2529
17.9128
2.74271
10.7926
7.2325
3.67241
0.112321
19.7722
27.8221
39.432
9.09191
43.9218
13.5817
21.6316
44.8515
2.90143
49.3413
45.7812
42.2211
23.491
46.7109
4.76083
12.8107
47.6406
5.69053
13.7404
10.1803
45.0103
41.4502
11.11
7.54993
15.5998
0.429751
4.91954
4.91954
24.5794
47.7994
2.28915
2.28915
48.7291
45.169
3.21886
49.6588
19.3186
4.14856
12.1984
8.63835
5.07826
13.1281
21.178
44.398
40.8379
48.8878
45.3277
14.9875
23.0374
46.2574
4.30727
0.74718
20.407
5.23697
13.2869
9.72677
6.16668
14.2166
10.6565
7.09638
15.1463
11.5862
46.4161
42.856
12.5159
47.3458
17.0057
1.8356
9.88548
6.32539
25.9853
49.2052
18.8651
3.695
0.134908
8.18479
4.6247
39.4546
20.7245
43.9444
13.6043
21.6542
44.8741
14.534
22.5839
45.8038
3.85371
0.293622
46.7335
4.78342
12.8333
20.8832
5.71312
2.15303
10.2029
45.0328
14.6927
11.1326
7.57252
15.6224
35.2823
46.8922
1.38204
1.38204
47.8219
44.2619
2.31174
48.7516
18.4115
3.24144
11.2913
7.73124

avg: 22.3475
