43.5374
81.2698
46.4399
42.0862
39.1837
43.5374
39.1837
43.5374
69.6599
44.9887
36.2812
43.5374
60.9524
44.9887
84.1723
43.5374
59.5011
44.9887
40.6349
74.0136
37.7324
44.9887
49.3424
68.2086
98.6848
44.9887
43.5374
44.9887
46.4399
43.5374
75.4649
53.6961
37.7324
43.5374
44.9887
39.1837
81.2698
44.9887
44.9887
39.1837
42.0862
44.9887
100.136
43.5374
46.4399
43.5374
39.1837
43.5374
66.7574
39.1837
44.9887
37.7324
58.0499
60.9524
60.9524
36.2812
39.1837
44.9887
44.9887
36.2812
43.5374
82.7211
44.9887
46.4399
44.9887
37.7324
97.2336
52.2449
39.1837
44.9887
44.9887
44.9887
72.5624
46.4399
43.5374
44.9887
52.2449
44.9887
68.2086
37.7324
43.5374
44.9887
46.4399
39.1837
42.0862
82.7211
44.9887
53.6961
39.1837
50.7937
74.0136
39.1837
39.1837
49.3424
44.9887
39.1837
89.9773
36.2812
39.1837
43.5374
39.1837
44.9887
44.9887
79.8186
47.8912
43.5374
43.5374
39.1837
95.7823
47.8912
42.0862
44.9887
40.6349
44.9887
103.039
39.1837
52.2449
37.7324
44.9887
36.2812
68.2086
36.2812
44.9887
44.9887
39.1837
42.0862
44.9887
76.9161
43.5374
44.9887
44.9887
44.9887
39.1837
82.7211
44.9887
43.5374
39.1837
43.5374
44.9887
81.2698
46.4399
37.7324
43.5374
44.9887
40.6349
110.295
44.9887
39.1837
44.9887
43.5374
39.1837
65.3061
39.1837
37.7324
44.9887
43.5374
39.1837
88.5261
81.2698
44.9887
40.6349
44.9887
44.9887
36.2812
50.7937
39.1837
37.7324
43.5374
44.9887
39.1837
43.5374
76.9161
43.5374
43.5374
46.4399
46.4399
37.7324
58.0499
44.9887
44.9887
44.9887
39.1837
59.5011
66.7574
43.5374
46.4399
39.1837
42.0862
44.9887
40.6349
65.3061
39.1837
58.0499
66.7574
44.9887
68.2086
39.1837
43.5374
39.1837
43.5374
44.9887
104.49
39.1837
44.9887
43.5374
39.1837
43.5374
75.4649
39.1837
36.2812
43.5374
52.2449
44.9887
46.4399
68.2086
44.9887
49.3424
46.4399
44.9887
44.9887
66.7574
39.1837
58.0499
68.2086
59.5011
69.6599
43.5374
40.6349
44.9887
44.9887
52.2449
72.5624
66.7574
39.1837
50.7937
66.7574
52.2449
40.6349
44.9887
36.2812
43.5374
39.1837
43.5374
68.2086
39.1837
44.9887
36.2812
43.5374
60.9524
59.5011
44.9887
44.9887
44.9887
60.9524
43.5374
60.9524
44.9887
46.4399
43.5374
39.1837
43.5374
46.4399
59.5011
43.5374
60.9524
58.0499
46.4399
68.2086
37.7324
43.5374
44.9887
39.1837
43.5374
46.4399
95.7823
55.1474
50.7937
43.5374
46.4399
52.2449
37.7324
39.1837
43.5374
37.7324
43.5374
44.9887
59.5011
60.9524
44.9887
44.9887
44.9887
39.1837
58.0499
44.9887
44.9887
44.9887
60.9524
44.9887
59.5011
59.5011
44.9887
46.4399
43.5374
39.1837
68.2086
44.9887
50.7937
59.5011
39.1837
37.7324
65.3061
39.1837
43.5374
39.1837
43.5374
44.9887
39.1837
66.7574
39.1837
58.0499
66.7574
52.2449
68.2086
39.1837
37.7324
44.9887
58.0499
59.5011
69.6599
36.2812
46.4399
43.5374
39.1837
43.5374
43.5374
62.4036
43.5374
44.9887
52.2449
68.2086
66.7574
39.1837
43.5374
44.9887
44.9887
39.1837
44.9887
65.3061
39.1837
58.0499
68.2086
75.4649
66.7574
44.9887
44.9887
44.9887
39.1837
44.9887
66.7574
36.2812
46.4399
43.5374
39.1837
43.5374
37.7324
66.7574
39.1837
43.5374
44.9887
44.9887
59.5011
69.6599
36.2812
43.5374
40.6349
42.0862
46.4399
60.9524
44.9887
37.7324
88.5261
52.2449
68.2086
43.5374
46.4399
81.2698
46.4399
43.5374
39.1837
43.5374
44.9887
97.2336
46.4399
44.9887
43.5374
39.1837
88.5261
39.1837
43.5374
44.9887
39.1837
43.5374
97.2336
46.4399
43.5374
46.4399
43.5374
39.1837
65.3061
39.1837
58.0499
68.2086
59.5011
75.4649
39.1837
37.7324
43.5374
44.9887
39.1837
43.5374
82.7211
59.5011
59.5011
39.1837
39.1837
72.5624
74.0136
39.1837
60.9524
44.9887
95.7823
39.1837
50.7937
44.9887
44.9887
52.2449
75.4649
44.9887
39.1837
44.9887
43.5374
39.1837
65.3061
39.1837
43.5374
44.9887
39.1837
42.0862
44.9887
75.4649
97.2336
97.2336
46.4399
44.9887
39.1837
44.9887
72.5624
44.9887
44.9887
52.2449
40.6349
59.5011
88.5261
44.9887
39.1837
42.0862
39.1837
43.5374
60.9524
43.5374
47.8912
43.5374
39.1837
44.9887
36.2812
66.7574
59.5011
44.9887
44.9887
39.1837
43.5374
68.2086
39.1837
42.0862
47.8912
49.3424
44.9887
53.6961
39.1837
36.2812
44.9887
43.5374
53.6961
44.9887
66.7574
46.4399
44.9887
37.7324
43.5374
44.9887
52.2449
44.9887
44.9887
52.2449
40.6349
59.5011
95.7823
44.9887 
44.9887
43.5374
46.4399
39.1837
66.7574
43.5374
39.1837
58.0499
55.1474
37.7324
65.3061
39.1837
43.5374
39.1837
43.5374
46.4399
65.3061
60.9524
37.7324
43.5374
44.9887
46.4399
66.7574
39.1837
37.7324
43.5374
39.1837
58.0499
84.1723
50.7937
39.1837
44.9887
58.0499
44.9887
68.2086
39.1837
44.9887
50.7937
39.1837
50.7937
66.7574
44.9887
44.9887
39.1837
43.5374
37.7324
46.4399
65.3061
46.4399
39.1837
44.9887
44.9887
49.3424
53.6961
39.1837
44.9887
44.9887
50.7937
44.9887
75.4649
50.7937
44.9887
60.9524
66.7574
46.4399
40.6349
44.9887
44.9887
49.3424
59.5011
39.1837
59.5011
40.6349
63.8549
43.5374
76.9161
44.9887
43.5374
44.9887
39.1837
58.0499
75.4649
60.9524
43.5374
39.1837
43.5374
39.1837
68.2086
44.9887
43.5374
37.7324
43.5374
46.4399
50.7937
46.4399
44.9887
44.9887
39.1837
44.9887
79.8186
52.2449
60.9524
39.1837
65.3061
39.1837
65.3061
39.1837
43.5374
44.9887
39.1837
44.9887
74.0136
44.9887
46.4399
58.0499
44.9887
44.9887
53.6961
37.7324
39.1837
43.5374
44.9887
37.7324
58.0499
68.2086
60.9524
43.5374
44.9887
39.1837
43.5374
60.9524
43.5374
44.9887
44.9887
40.6349
58.0499
66.7574
46.4399
37.7324
43.5374
44.9887
39.1837
65.3061
46.4399
37.7324
58.0499
44.9887
46.4399
66.7574
39.1837
43.5374
66.7574
39.1837
43.5374
75.4649
60.9524
43.5374
46.4399
43.5374
44.9887
52.2449
39.1837
37.7324
43.5374
39.1837
43.5374
59.5011
68.2086
59.5011
44.9887
39.1837
43.5374
44.9887
60.9524
44.9887
43.5374
39.1837
43.5374
46.4399
59.5011
46.4399
37.7324
42.0862
44.9887
40.6349
43.5374
66.7574
52.2449
44.9887
53.6961
37.7324
37.7324
81.2698
46.4399
43.5374
44.9887
44.9887
39.1837
50.7937
39.1837
59.5011
37.7324
43.5374
44.9887
75.4649
44.9887
43.5374
44.9887
44.9887
44.9887
40.6349
63.8549
60.9524
39.1837
43.5374
44.9887
39.1837
65.3061
46.4399
44.9887
39.1837
43.5374
46.4399
79.8186
39.1837
43.5374
39.1837
43.5374
44.9887
66.7574
52.2449
49.3424
42.0862
59.5011
44.9887
52.2449
39.1837
37.7324
43.5374
39.1837
43.5374
52.2449
75.4649
60.9524
43.5374
44.9887
39.1837
44.9887
66.7574
37.7324
43.5374
44.9887
39.1837
58.0499
69.6599
58.0499
44.9887
44.9887
44.9887
39.1837
66.7574
39.1837
44.9887
44.9887
58.0499
44.9887
74.0136
47.8912
42.0862
53.6961
39.1837
44.9887
72.5624
75.4649
53.6961
43.5374
44.9887
39.1837
44.9887
75.4649
52.2449
50.7937
40.6349
49.3424
60.9524
74.0136
39.1837
44.9887
43.5374
37.7324
44.9887
59.5011
44.9887
44.9887
59.5011
60.9524
44.9887
89.9773
39.1837
43.5374
43.5374
40.6349
43.5374
81.2698
44.9887
47.8912
58.0499
44.9887
66.7574
39.1837
43.5374
39.1837
43.5374
39.1837
58.0499
68.2086
66.7574
39.1837
44.9887
43.5374
39.1837
65.3061
44.9887
40.6349
46.4399
58.0499
44.9887
79.8186
44.9887
44.9887
39.1837
44.9887
43.5374
62.4036
43.5374
44.9887
39.1837
58.0499
97.2336
39.1837
37.7324
43.5374
39.1837
44.9887
43.5374
81.2698
68.2086
39.1837
43.5374
39.1837
72.5624
39.1837
37.7324
43.5374
39.1837
43.5374
59.5011
82.7211
44.9887
44.9887
44.9887
39.1837
44.9887
60.9524
50.7937
37.7324
43.5374
97.2336
60.9524
44.9887
44.9887
43.5374
75.4649
39.1837
39.1837
44.9887
63.8549
40.6349
95.7823
44.9887
44.9887
44.9887
44.9887
39.1837
81.2698
52.2449
60.9524
37.7324
43.5374
84.1723
42.0862
39.1837
43.5374
44.9887
40.6349
44.9887
74.0136
43.5374
46.4399
43.5374
44.9887
39.1837
81.2698
44.9887
44.9887
43.5374
40.6349
50.7937
75.4649
59.5011
44.9887
44.9887
44.9887
75.4649
44.9887
44.9887
43.5374
46.4399
39.1837
97.2336
37.7324
50.7937
44.9887
44.9887
44.9887
59.5011
44.9887
39.1837
44.9887
43.5374
39.1837
88.5261
44.9887
39.1837
43.5374
39.1837
42.0862
44.9887
75.4649
44.9887
46.4399
43.5374
44.9887
39.1837
81.2698
44.9887
44.9887
39.1837
43.5374
52.2449
97.2336
59.5011
44.9887
44.9887
40.6349
81.2698
44.9887
43.5374
68.2086
37.7324
91.4286
37.7324
44.9887
44.9887
49.3424
44.9887
68.2086
46.4399
58.0499
68.2086
39.1837
43.5374
39.1837
43.5374
44.9887
47.8912
71.1111
46.4399
43.5374
62.4036
43.5374
75.4649
52.2449
43.5374
40.6349
44.9887
44.9887
72.5624
44.9887
66.7574
62.4036

avg: 50.0281
