blemidi distance 5m
iterations: 1000
frequency: 50
TODO: lscpu
42.8798
27.7097
39.3197
8.97959
5.4195
13.4694
33.1292
44.7392
41.1791
49.229
45.6689
15.3288
46.5986
31.4286
4.64851
1.08842
9.1383
5.57821
2.01812
33.288
6.50791
2.94782
10.9977
7.43761
42.2675
35.1474
46.7573
43.1972
1.24713
47.687
44.1269
25.3968
10.2267
6.66663
3.10653
49.5464
7.59633
15.6462
12.0861
8.52603
4.96594
39.7959
9.45573
17.5056
40.7256
48.7755
45.2154
3.26525
49.7052
30.975
4.19495
0.634859
31.9047
5.12465
1.56456
32.8344
6.05435
2.49426
10.5441
45.3741
41.814
34.6938
19.5237
42.7437
12.4036
47.2335
43.6734
24.9432
48.1632
6.21307
2.65298
10.7029
7.14277
26.8026
11.6326
31.2924
4.51238
0.952288
9.00217
17.0521
13.492
48.3219
44.7618
41.2017
49.2516
18.9115
3.74139
0.181301
46.6212
4.67109
1.111
32.3808
5.6008
2.0407
10.0906
6.5305
2.97041
34.2402
7.4602
42.2901
0.340016
46.7799
43.2198
36.0996
20.9296
44.1495
13.8094
21.8593
6.68921
26.3491
49.569
7.61891
4.05882
23.7187
8.54862
16.5985
13.0384
21.0883
44.3082
40.7482
10.408
18.4579
3.28784
49.7277
46.1677
15.8275
0.657445
43.5373
28.3672
1.58715
9.63703
6.07694
2.51685
33.7867
7.00664
0.544056
11.4964
7.93634
42.7663
47.2561
47.2561
43.696
1.74586
48.1858
6.23565
25.8955
10.7254
7.16536
3.60526
0.0451727
8.09506
27.7549
39.3649
9.02476
5.46467
40.2946
48.3445
18.0043
2.83428
22.4941
45.7141
3.76398
4.69368
4.69368
4.69368
1.13359
9.18347
5.62338
2.06329
44.9431
29.773
2.99299
11.0429
7.48279
42.3127
35.1925
8.41249
43.2424
1.2923
47.7322
44.1721
25.442
48.6619
6.7118
3.15171
49.5916
7.6415
12.1313
12.1313
8.5712
16.6211
24.671
9.5009
29.1608
40.7707
48.8206
45.2605
3.31042
49.7503
19.4102
4.24012
23.9
8.72992
5.16982
1.60973
32.8796
6.09953
2.53943
10.5893
45.4193
41.8592
34.739
19.5689
42.7889
0.838746
47.2787
40.1585
24.9884
48.2084
6.25824
2.69815
49.1381
30.4079
3.62785
0.067759
8.11764
4.55755
39.3875
32.2673
17.0972
13.5371
33.197
44.807
14.4668
34.1267
18.9566
3.78657
0.226474
46.6664
4.71627
1.15618
20.816
5.64597
13.6959
10.1358
6.57567
3.01558
11.0655
45.8954
15.5553
11.9952
8.43507
43.265
12.9249
20.9748
44.1947
2.24459
48.6845
29.9543
3.17429
49.6142
7.66409
4.10399
23.7639
31.8137
16.6437
39.8636
9.52349
5.9634
40.7933
33.6731
18.5031
3.33301
22.9929
46.2128
15.8727
23.9226
8.7525
5.19241
1.63232
9.6822
6.12211
25.782
10.6119
7.05181
15.1017
11.5416
46.3715
27.6414
0.861332
47.3012
43.7411
36.621
48.2309
29.5008
2.72074
10.7706
7.21053
3.65044
11.7003
31.3602
4.58014
1.02005
9.06993
5.50984
40.3398
33.2196
44.8296
41.2695
49.3194
45.7593
3.80915
23.469
46.689
4.73885
1.17876
9.22865
5.66855
25.3284
10.1583
6.59826
3.03816
11.088
7.52796
27.1878
12.0178
46.8477
4.89757
12.9475
47.7774
29.0472
13.8772
48.7071
6.75697
3.19688
49.6368
30.9066
4.12658
12.1765
8.61637
5.05628
39.8862
32.766
5.98598
14.0359
48.8658
45.3057
26.5755
23.0155
46.2354
4.2853
0.725204
8.77509
5.215
24.8749
9.70479
6.1447
14.1946
10.6345
7.0744
26.7343
11.5642
8.0041
42.834
12.4939
47.3238
28.5937
1.81362
21.4735
17.9134
2.74332
49.1832
30.4531
3.67302
0.112932
8.16282
4.60273
1.04263
32.3125
5.53243
13.5823
10.0222
44.8521
41.2921
34.1719
45.7819
3.83174
23.4916
46.7116
4.76144
24.4213
9.25123
5.69114
2.13105
21.7909
6.62084
26.2807
11.1106
7.55054
15.6004
35.2603
8.48025
28.1401
1.36006
47.8
44.2399
2.28976
48.7297
29.9995
3.21947
22.8793
7.70926
4.14917
0.589076
31.8589
5.07887
39.9088
9.56866
6.00857
40.8385
45.3283
18.5483
38.2081
11.4281
46.258
4.30788
0.74779
47.1877
28.4575
13.2875
9.72738
6.16729
2.60719
10.6571
30.3169
15.1469
11.5868
8.02669
42.8566
12.5165
32.1763
17.0063
25.0562
48.2761
44.716
2.76591
34.0357
18.8657
3.69561
0.135518
19.7954
4.62531
47.5051
32.3351
5.55501
1.99492
10.0448
6.48471
41.3146
10.9745
45.8044
3.85432
11.9042
46.7341
28.004
1.22393
9.27382
5.71373
2.15364
10.2035
29.8634
14.6933
11.1332
7.57313
4.01304
12.0629
31.7228
16.5527
1.38265
47.8226
44.2625
2.31235
48.7523
18.4121
3.24205
49.682
7.73185
4.17175
0.611662
8.66155
5.10146
0.0901164
9.59125
6.03116
40.8611
33.7409
45.3509
41.7908
49.8407
46.2806
27.5504
0.770377
47.2103
5.26017 
1.70008
21.3599
29.4098
14.2398
10.6797
7.11957
3.55948
11.6094
31.2692
16.0992
12.5391
8.97898
17.0289
1.85879
48.2987
17.9586
14.3985
49.2284
7.27829
38.5481
34.988
8.20799
16.2579
1.08781
9.13769
5.5776
40.4075
10.0674
44.8973
41.3372
10.9971
45.827
0.316819
23.5368
46.7567
4.80661
1.24652
9.29641
28.9563
2.17622
33.4461
6.66602
3.10592
11.1558
30.8157
15.6456
12.0855
46.9154
43.3554
1.40524
32.6751
17.505
37.1649
10.3848
18.4347
3.26464
49.7045
7.75443
4.19434
0.634248
8.68413
5.12404
9.61384
32.8338
17.6637
40.8837
10.5435
6.98345
41.8134
11.4732
7.91315
4.35305
12.4029
47.2329
40.1127
24.9426
9.77255
6.21246
2.65237
10.7023
30.3621
15.192
11.632
19.6818
42.9018
12.5617
32.2215
17.0514
13.4914
48.3213
44.7612
2.81108
49.251
18.9109
3.74078
0.180691
8.23058
4.67048
1.11039
9.16028
5.60019
2.04009
10.09
6.52989
37.7997
11.0197
19.0696
42.2895
0.339405
46.7793
39.6591
1.26911
9.31899
5.7589
2.19881
21.8587
41.5185
26.3485
34.3983
19.2283
4.05821
23.7181
46.938
43.3779
36.2578
21.0877
5.91761
2.35752
48.7974
6.84732
38.1172
11.3371
7.77702
4.21693
0.656835
8.70672
39.9766
36.4165
9.63642
6.07633
40.9063
48.9561
41.836
15.0559
49.8858
7.93573
4.37564
12.4255
43.6954
5.30534
1.74525
9.79514
6.23504
2.67495
33.9448
7.16475
3.60465
23.2645
8.09445
16.1443
35.8042
20.6341
43.8541
1.90397
48.3439
44.7838
37.6636
22.4935
30.5434
3.76337
0.203277
8.25316
12.743
35.9629
9.18286
5.62277
40.4527
10.1126
41.3824
14.6024
11.0423
45.8722
42.3121
0.361992
43.2418
16.4618
1.29169
32.5615
5.78149
10.2713
10.2713
6.71119
3.1511
11.201
7.64089
15.6908
12.1307
46.9606
16.6205
13.0604
9.50029
40.7701
2.38011
48.82
6.8699
3.30981
49.7497
19.4096
4.23951
0.679421
8.72931
5.16921
1.60912
9.65901
6.09892
2.53882
10.5887
7.02862
41.8585
11.5184
19.5683
39.2282
0.838136
47.278
5.32793
13.3778
9.81772
6.25763
2.69754
22.3574
7.18733
11.6771
11.6771
47.9583
42.947
12.6068
47.4368
17.0966
13.5365
48.3665
44.8064
14.4662
49.2962
18.956
3.78596
0.225863
8.27575
4.71566
1.15556
9.20545
28.8653
40.4753
10.1352
6.57506
41.405
11.0649
45.8948
42.3347
0.384578
46.8245
4.87437
12.9243
9.36416
5.80407
2.24398
48.6839
6.73377
14.7837
11.2236
7.66348
4.10338
12.1533
8.59318
16.6431
1.47299
9.52288
44.3528
14.0127
48.8426
6.89249
3.3324
49.7723
7.82219
4.2621
0.702007
8.75189
5.1918
1.63171
9.68159
6.1215
40.9514
10.6113
7.0512
15.1011
49.931
7.98091
4.42081
12.4707
47.3006
5.35052
1.79042
9.84031
6.28022
10.77
10.77
7.20992
3.64983
11.6997
8.13962
16.1895
12.6294
47.4593
43.8993
13.5591
48.389
2.87884
14.4888
49.3187
30.5886
3.80854
0.24845
8.29834
4.73824
1.17815
32.448
17.2779
25.3278
10.1577
6.59765
41.4276
34.3074
19.1373
42.3573
0.407164
20.067
4.89696
47.7768
32.6067
5.82666
2.26657
10.3165
6.75636
3.19627
11.2462
7.68606
15.7359
12.1759
20.2257
43.4457
13.1056
47.9355
44.3754
25.6452
48.8652
41.745
14.965
49.7949
7.84478
27.5046
0.724594
31.9944
5.21439
1.6543
9.70418
6.14409
40.974
33.8538
18.6838
41.9037
49.9536
46.3935
42.8334
35.7132
20.5432
5.3731
1.81301
9.8629
29.5228
37.5726
10.7926
7.2325
3.67241
11.7223
8.16221
4.60211
12.652
9.09191
17.1418
1.97172
21.6316
44.8515
14.5114
49.3413
7.39122
3.83113
0.271036
31.5409
4.76083
1.20074
9.25062
28.9105
2.13044
33.4003
18.2302
41.4502
49.5
45.94
42.3799
35.2597
20.0896
16.5295
1.35945
47.7994
5.84925
37.1191
10.339
6.77895
3.21886
11.2687
7.70865
4.14856
12.1984
47.0284
43.4683
13.1281
47.9581
6.00796
14.0578
48.8878
6.93766
3.37757
49.8175
31.0873
4.30727
0.74718
8.79706
5.23697
1.67688
32.9467
17.7767
40.9966
10.6565
18.7064
41.9263
34.8061
19.6361
42.856
0.905895
47.3458
5.39569
1.8356
21.4955
17.9354
2.7653
10.8152
7.25509
3.695
11.7449
8.18479
44.466
39.4546
47.5045
43.9444
25.2143
48.4342
44.8741
2.92401
49.3639
30.6338
3.85371
0.293622
8.34351
28.0034
12.8333
32.4932
17.3231
40.543
10.2029
6.64282
41.4728
34.3526
19.1825
42.4025
0.452337
46.8922
4.94213
1.38204
21.0419
5.87183
2.31174
10.3616
6.80153
49.6814
34.5113
7.73124

avg: 20.0786
